                                                                                
7,0,2;
                                                                        
17,1;
                                                                         
11,0;
                                                                         
50,8;
                                                                         
49,1000;
                                                                      
15,20000;
                                                                     
23,300000;
                                                                    
14,0;
                                                                         
14,300000;
                                                                    
24,20000;
                                                                     
7,0,1;
                                                                        
7,0,2;
                                                                        
7,0,2;
                                                                        
7,0,2;
                                                                        
7,0,2;
                                                                        
13,0;
                                                                         
17,0;
                                                                         
7,-1,1;
                                                                       
7,-1,1;
                                                                       
7,-1,1;
                                                                       
7,-1,1;
                                                                       
1,Command without attached callback;
                                          
7,-1,1;
 
